{"cells":[{"cell_type":"markdown","metadata":{"id":"LMj3roRPUZqY"},"source":["# Dry Beans Classification\n","\n","## Solutions\n","\n","* Outlier Elimination\n","* Elimitene highly correlated independent features"]},{"cell_type":"markdown","metadata":{"id":"5JqKmhgRWjJX"},"source":["## Load Necessary Libraries"]},{"cell_type":"code","execution_count":1,"metadata":{"id":"njn5E7_TK1L2","executionInfo":{"status":"ok","timestamp":1721411454235,"user_tz":-330,"elapsed":3487,"user":{"displayName":"Argha DeySarkar","userId":"13323187357231917427"}}},"outputs":[],"source":["import pandas as pd\n","import numpy as np\n","import os\n","import statsmodels.api as sm\n","from sklearn.preprocessing import LabelEncoder\n","from sklearn.ensemble import RandomForestClassifier\n","from sklearn.feature_selection import VarianceThreshold"]},{"cell_type":"markdown","metadata":{"id":"P4uCufUqIn_G"},"source":["## Load Dataset"]},{"cell_type":"code","execution_count":3,"metadata":{"id":"0HGRnACCWy5Y","colab":{"base_uri":"https://localhost:8080/","height":356},"executionInfo":{"status":"error","timestamp":1721411490890,"user_tz":-330,"elapsed":486,"user":{"displayName":"Argha DeySarkar","userId":"13323187357231917427"}},"outputId":"98ca6527-477e-4e53-e2ee-2df08ba957dd"},"outputs":[{"output_type":"error","ename":"FileNotFoundError","evalue":"[Errno 2] No such file or directory: '/content/drive/MyDrive/Colab Notebooks/dscourse/dry_bins_classification/Dry_Bean_Dataset.xlsx'","traceback":["\u001b[0;31m---------------------------------------------------------------------------\u001b[0m","\u001b[0;31mFileNotFoundError\u001b[0m                         Traceback (most recent call last)","\u001b[0;32m<ipython-input-3-68d0e03dd465>\u001b[0m in \u001b[0;36m<cell line: 4>\u001b[0;34m()\u001b[0m\n\u001b[1;32m      2\u001b[0m \u001b[0;31m# folder_path = \"./\"\u001b[0m\u001b[0;34m\u001b[0m\u001b[0;34m\u001b[0m\u001b[0m\n\u001b[1;32m      3\u001b[0m \u001b[0mfile_path\u001b[0m \u001b[0;34m=\u001b[0m \u001b[0mos\u001b[0m\u001b[0;34m.\u001b[0m\u001b[0mpath\u001b[0m\u001b[0;34m.\u001b[0m\u001b[0mjoin\u001b[0m\u001b[0;34m(\u001b[0m\u001b[0mfolder_path\u001b[0m\u001b[0;34m,\u001b[0m \u001b[0;34m\"Dry_Bean_Dataset.xlsx\"\u001b[0m\u001b[0;34m)\u001b[0m\u001b[0;34m\u001b[0m\u001b[0;34m\u001b[0m\u001b[0m\n\u001b[0;32m----> 4\u001b[0;31m \u001b[0mdf\u001b[0m\u001b[0;34m=\u001b[0m \u001b[0mpd\u001b[0m\u001b[0;34m.\u001b[0m\u001b[0mread_excel\u001b[0m\u001b[0;34m(\u001b[0m\u001b[0mfile_path\u001b[0m\u001b[0;34m)\u001b[0m\u001b[0;34m\u001b[0m\u001b[0;34m\u001b[0m\u001b[0m\n\u001b[0m","\u001b[0;32m/usr/local/lib/python3.10/dist-packages/pandas/io/excel/_base.py\u001b[0m in \u001b[0;36mread_excel\u001b[0;34m(io, sheet_name, header, names, index_col, usecols, dtype, engine, converters, true_values, false_values, skiprows, nrows, na_values, keep_default_na, na_filter, verbose, parse_dates, date_parser, date_format, thousands, decimal, comment, skipfooter, storage_options, dtype_backend)\u001b[0m\n\u001b[1;32m    476\u001b[0m     \u001b[0;32mif\u001b[0m \u001b[0;32mnot\u001b[0m \u001b[0misinstance\u001b[0m\u001b[0;34m(\u001b[0m\u001b[0mio\u001b[0m\u001b[0;34m,\u001b[0m \u001b[0mExcelFile\u001b[0m\u001b[0;34m)\u001b[0m\u001b[0;34m:\u001b[0m\u001b[0;34m\u001b[0m\u001b[0;34m\u001b[0m\u001b[0m\n\u001b[1;32m    477\u001b[0m         \u001b[0mshould_close\u001b[0m \u001b[0;34m=\u001b[0m \u001b[0;32mTrue\u001b[0m\u001b[0;34m\u001b[0m\u001b[0;34m\u001b[0m\u001b[0m\n\u001b[0;32m--> 478\u001b[0;31m         \u001b[0mio\u001b[0m \u001b[0;34m=\u001b[0m \u001b[0mExcelFile\u001b[0m\u001b[0;34m(\u001b[0m\u001b[0mio\u001b[0m\u001b[0;34m,\u001b[0m \u001b[0mstorage_options\u001b[0m\u001b[0;34m=\u001b[0m\u001b[0mstorage_options\u001b[0m\u001b[0;34m,\u001b[0m \u001b[0mengine\u001b[0m\u001b[0;34m=\u001b[0m\u001b[0mengine\u001b[0m\u001b[0;34m)\u001b[0m\u001b[0;34m\u001b[0m\u001b[0;34m\u001b[0m\u001b[0m\n\u001b[0m\u001b[1;32m    479\u001b[0m     \u001b[0;32melif\u001b[0m \u001b[0mengine\u001b[0m \u001b[0;32mand\u001b[0m \u001b[0mengine\u001b[0m \u001b[0;34m!=\u001b[0m \u001b[0mio\u001b[0m\u001b[0;34m.\u001b[0m\u001b[0mengine\u001b[0m\u001b[0;34m:\u001b[0m\u001b[0;34m\u001b[0m\u001b[0;34m\u001b[0m\u001b[0m\n\u001b[1;32m    480\u001b[0m         raise ValueError(\n","\u001b[0;32m/usr/local/lib/python3.10/dist-packages/pandas/io/excel/_base.py\u001b[0m in \u001b[0;36m__init__\u001b[0;34m(self, path_or_buffer, engine, storage_options)\u001b[0m\n\u001b[1;32m   1494\u001b[0m                 \u001b[0mext\u001b[0m \u001b[0;34m=\u001b[0m \u001b[0;34m\"xls\"\u001b[0m\u001b[0;34m\u001b[0m\u001b[0;34m\u001b[0m\u001b[0m\n\u001b[1;32m   1495\u001b[0m             \u001b[0;32melse\u001b[0m\u001b[0;34m:\u001b[0m\u001b[0;34m\u001b[0m\u001b[0;34m\u001b[0m\u001b[0m\n\u001b[0;32m-> 1496\u001b[0;31m                 ext = inspect_excel_format(\n\u001b[0m\u001b[1;32m   1497\u001b[0m                     \u001b[0mcontent_or_path\u001b[0m\u001b[0;34m=\u001b[0m\u001b[0mpath_or_buffer\u001b[0m\u001b[0;34m,\u001b[0m \u001b[0mstorage_options\u001b[0m\u001b[0;34m=\u001b[0m\u001b[0mstorage_options\u001b[0m\u001b[0;34m\u001b[0m\u001b[0;34m\u001b[0m\u001b[0m\n\u001b[1;32m   1498\u001b[0m                 )\n","\u001b[0;32m/usr/local/lib/python3.10/dist-packages/pandas/io/excel/_base.py\u001b[0m in \u001b[0;36minspect_excel_format\u001b[0;34m(content_or_path, storage_options)\u001b[0m\n\u001b[1;32m   1369\u001b[0m         \u001b[0mcontent_or_path\u001b[0m \u001b[0;34m=\u001b[0m \u001b[0mBytesIO\u001b[0m\u001b[0;34m(\u001b[0m\u001b[0mcontent_or_path\u001b[0m\u001b[0;34m)\u001b[0m\u001b[0;34m\u001b[0m\u001b[0;34m\u001b[0m\u001b[0m\n\u001b[1;32m   1370\u001b[0m \u001b[0;34m\u001b[0m\u001b[0m\n\u001b[0;32m-> 1371\u001b[0;31m     with get_handle(\n\u001b[0m\u001b[1;32m   1372\u001b[0m         \u001b[0mcontent_or_path\u001b[0m\u001b[0;34m,\u001b[0m \u001b[0;34m\"rb\"\u001b[0m\u001b[0;34m,\u001b[0m \u001b[0mstorage_options\u001b[0m\u001b[0;34m=\u001b[0m\u001b[0mstorage_options\u001b[0m\u001b[0;34m,\u001b[0m \u001b[0mis_text\u001b[0m\u001b[0;34m=\u001b[0m\u001b[0;32mFalse\u001b[0m\u001b[0;34m\u001b[0m\u001b[0;34m\u001b[0m\u001b[0m\n\u001b[1;32m   1373\u001b[0m     ) as handle:\n","\u001b[0;32m/usr/local/lib/python3.10/dist-packages/pandas/io/common.py\u001b[0m in \u001b[0;36mget_handle\u001b[0;34m(path_or_buf, mode, encoding, compression, memory_map, is_text, errors, storage_options)\u001b[0m\n\u001b[1;32m    866\u001b[0m         \u001b[0;32melse\u001b[0m\u001b[0;34m:\u001b[0m\u001b[0;34m\u001b[0m\u001b[0;34m\u001b[0m\u001b[0m\n\u001b[1;32m    867\u001b[0m             \u001b[0;31m# Binary mode\u001b[0m\u001b[0;34m\u001b[0m\u001b[0;34m\u001b[0m\u001b[0m\n\u001b[0;32m--> 868\u001b[0;31m             \u001b[0mhandle\u001b[0m \u001b[0;34m=\u001b[0m \u001b[0mopen\u001b[0m\u001b[0;34m(\u001b[0m\u001b[0mhandle\u001b[0m\u001b[0;34m,\u001b[0m \u001b[0mioargs\u001b[0m\u001b[0;34m.\u001b[0m\u001b[0mmode\u001b[0m\u001b[0;34m)\u001b[0m\u001b[0;34m\u001b[0m\u001b[0;34m\u001b[0m\u001b[0m\n\u001b[0m\u001b[1;32m    869\u001b[0m         \u001b[0mhandles\u001b[0m\u001b[0;34m.\u001b[0m\u001b[0mappend\u001b[0m\u001b[0;34m(\u001b[0m\u001b[0mhandle\u001b[0m\u001b[0;34m)\u001b[0m\u001b[0;34m\u001b[0m\u001b[0;34m\u001b[0m\u001b[0m\n\u001b[1;32m    870\u001b[0m \u001b[0;34m\u001b[0m\u001b[0m\n","\u001b[0;31mFileNotFoundError\u001b[0m: [Errno 2] No such file or directory: '/content/drive/MyDrive/Colab Notebooks/dscourse/dry_bins_classification/Dry_Bean_Dataset.xlsx'"]}],"source":["folder_path = \"/content/drive/MyDrive/Colab Notebooks/dscourse/dry_bins_classification\"\n","# folder_path = \"./\"\n","file_path = os.path.join(folder_path, \"Dry_Bean_Dataset.xlsx\")\n","df= pd.read_excel(file_path)"]},{"cell_type":"code","execution_count":null,"metadata":{"id":"D5Avog7QIrlK"},"outputs":[],"source":["# Encode the target\n","le = LabelEncoder()\n","df_en = df.copy()\n","df_en[\"Class\"] = le.fit_transform(df_en[\"Class\"])"]},{"cell_type":"code","source":["from google.colab import drive\n","drive.mount('/content/drive')"],"metadata":{"id":"P-JwBkSBHx94"},"execution_count":null,"outputs":[]},{"cell_type":"code","execution_count":null,"metadata":{"id":"vuLwepabWz5P","outputId":"a17ddceb-e0e8-4ac1-c2fa-97eebc0a8ea4"},"outputs":[{"data":{"text/html":["<div>\n","<style scoped>\n","    .dataframe tbody tr th:only-of-type {\n","        vertical-align: middle;\n","    }\n","\n","    .dataframe tbody tr th {\n","        vertical-align: top;\n","    }\n","\n","    .dataframe thead th {\n","        text-align: right;\n","    }\n","</style>\n","<table border=\"1\" class=\"dataframe\">\n","  <thead>\n","    <tr style=\"text-align: right;\">\n","      <th></th>\n","      <th>Area</th>\n","      <th>Perimeter</th>\n","      <th>MajorAxisLength</th>\n","      <th>MinorAxisLength</th>\n","      <th>AspectRation</th>\n","      <th>Eccentricity</th>\n","      <th>ConvexArea</th>\n","      <th>EquivDiameter</th>\n","      <th>Extent</th>\n","      <th>Solidity</th>\n","      <th>roundness</th>\n","      <th>Compactness</th>\n","      <th>ShapeFactor1</th>\n","      <th>ShapeFactor2</th>\n","      <th>ShapeFactor3</th>\n","      <th>ShapeFactor4</th>\n","      <th>Class</th>\n","    </tr>\n","  </thead>\n","  <tbody>\n","    <tr>\n","      <th>Area</th>\n","      <td>1.000000</td>\n","      <td>0.966722</td>\n","      <td>0.931834</td>\n","      <td>0.951602</td>\n","      <td>0.241735</td>\n","      <td>0.267481</td>\n","      <td>0.999939</td>\n","      <td>0.984968</td>\n","      <td>0.054345</td>\n","      <td>-0.196585</td>\n","      <td>-0.357530</td>\n","      <td>-0.268067</td>\n","      <td>-0.847958</td>\n","      <td>-0.639291</td>\n","      <td>-0.272145</td>\n","      <td>-0.355721</td>\n","      <td>-0.475252</td>\n","    </tr>\n","    <tr>\n","      <th>Perimeter</th>\n","      <td>0.966722</td>\n","      <td>1.000000</td>\n","      <td>0.977338</td>\n","      <td>0.913179</td>\n","      <td>0.385276</td>\n","      <td>0.391066</td>\n","      <td>0.967689</td>\n","      <td>0.991380</td>\n","      <td>-0.021160</td>\n","      <td>-0.303970</td>\n","      <td>-0.547647</td>\n","      <td>-0.406857</td>\n","      <td>-0.864623</td>\n","      <td>-0.767592</td>\n","      <td>-0.408435</td>\n","      <td>-0.429310</td>\n","      <td>-0.507638</td>\n","    </tr>\n","    <tr>\n","      <th>MajorAxisLength</th>\n","      <td>0.931834</td>\n","      <td>0.977338</td>\n","      <td>1.000000</td>\n","      <td>0.826052</td>\n","      <td>0.550335</td>\n","      <td>0.541972</td>\n","      <td>0.932607</td>\n","      <td>0.961733</td>\n","      <td>-0.078062</td>\n","      <td>-0.284302</td>\n","      <td>-0.596358</td>\n","      <td>-0.568377</td>\n","      <td>-0.773609</td>\n","      <td>-0.859238</td>\n","      <td>-0.568185</td>\n","      <td>-0.482527</td>\n","      <td>-0.455175</td>\n","    </tr>\n","    <tr>\n","      <th>MinorAxisLength</th>\n","      <td>0.951602</td>\n","      <td>0.913179</td>\n","      <td>0.826052</td>\n","      <td>1.000000</td>\n","      <td>-0.009161</td>\n","      <td>0.019574</td>\n","      <td>0.951339</td>\n","      <td>0.948539</td>\n","      <td>0.145957</td>\n","      <td>-0.155831</td>\n","      <td>-0.210344</td>\n","      <td>-0.015066</td>\n","      <td>-0.947204</td>\n","      <td>-0.471347</td>\n","      <td>-0.019326</td>\n","      <td>-0.263749</td>\n","      <td>-0.458492</td>\n","    </tr>\n","    <tr>\n","      <th>AspectRation</th>\n","      <td>0.241735</td>\n","      <td>0.385276</td>\n","      <td>0.550335</td>\n","      <td>-0.009161</td>\n","      <td>1.000000</td>\n","      <td>0.924293</td>\n","      <td>0.243301</td>\n","      <td>0.303647</td>\n","      <td>-0.370184</td>\n","      <td>-0.267754</td>\n","      <td>-0.766979</td>\n","      <td>-0.987687</td>\n","      <td>0.024593</td>\n","      <td>-0.837841</td>\n","      <td>-0.978592</td>\n","      <td>-0.449264</td>\n","      <td>-0.116332</td>\n","    </tr>\n","    <tr>\n","      <th>Eccentricity</th>\n","      <td>0.267481</td>\n","      <td>0.391066</td>\n","      <td>0.541972</td>\n","      <td>0.019574</td>\n","      <td>0.924293</td>\n","      <td>1.000000</td>\n","      <td>0.269255</td>\n","      <td>0.318667</td>\n","      <td>-0.319362</td>\n","      <td>-0.297592</td>\n","      <td>-0.722272</td>\n","      <td>-0.970313</td>\n","      <td>0.019920</td>\n","      <td>-0.860141</td>\n","      <td>-0.981058</td>\n","      <td>-0.449354</td>\n","      <td>-0.200356</td>\n","    </tr>\n","    <tr>\n","      <th>ConvexArea</th>\n","      <td>0.999939</td>\n","      <td>0.967689</td>\n","      <td>0.932607</td>\n","      <td>0.951339</td>\n","      <td>0.243301</td>\n","      <td>0.269255</td>\n","      <td>1.000000</td>\n","      <td>0.985226</td>\n","      <td>0.052564</td>\n","      <td>-0.206191</td>\n","      <td>-0.362083</td>\n","      <td>-0.269922</td>\n","      <td>-0.847950</td>\n","      <td>-0.640862</td>\n","      <td>-0.274024</td>\n","      <td>-0.362049</td>\n","      <td>-0.477459</td>\n","    </tr>\n","    <tr>\n","      <th>EquivDiameter</th>\n","      <td>0.984968</td>\n","      <td>0.991380</td>\n","      <td>0.961733</td>\n","      <td>0.948539</td>\n","      <td>0.303647</td>\n","      <td>0.318667</td>\n","      <td>0.985226</td>\n","      <td>1.000000</td>\n","      <td>0.028383</td>\n","      <td>-0.231648</td>\n","      <td>-0.435945</td>\n","      <td>-0.327650</td>\n","      <td>-0.892741</td>\n","      <td>-0.713069</td>\n","      <td>-0.330389</td>\n","      <td>-0.392512</td>\n","      <td>-0.481099</td>\n","    </tr>\n","    <tr>\n","      <th>Extent</th>\n","      <td>0.054345</td>\n","      <td>-0.021160</td>\n","      <td>-0.078062</td>\n","      <td>0.145957</td>\n","      <td>-0.370184</td>\n","      <td>-0.319362</td>\n","      <td>0.052564</td>\n","      <td>0.028383</td>\n","      <td>1.000000</td>\n","      <td>0.191389</td>\n","      <td>0.344411</td>\n","      <td>0.354212</td>\n","      <td>-0.141616</td>\n","      <td>0.237956</td>\n","      <td>0.347624</td>\n","      <td>0.148502</td>\n","      <td>-0.031184</td>\n","    </tr>\n","    <tr>\n","      <th>Solidity</th>\n","      <td>-0.196585</td>\n","      <td>-0.303970</td>\n","      <td>-0.284302</td>\n","      <td>-0.155831</td>\n","      <td>-0.267754</td>\n","      <td>-0.297592</td>\n","      <td>-0.206191</td>\n","      <td>-0.231648</td>\n","      <td>0.191389</td>\n","      <td>1.000000</td>\n","      <td>0.607150</td>\n","      <td>0.303766</td>\n","      <td>0.153388</td>\n","      <td>0.343559</td>\n","      <td>0.307662</td>\n","      <td>0.702163</td>\n","      <td>0.321283</td>\n","    </tr>\n","    <tr>\n","      <th>roundness</th>\n","      <td>-0.357530</td>\n","      <td>-0.547647</td>\n","      <td>-0.596358</td>\n","      <td>-0.210344</td>\n","      <td>-0.766979</td>\n","      <td>-0.722272</td>\n","      <td>-0.362083</td>\n","      <td>-0.435945</td>\n","      <td>0.344411</td>\n","      <td>0.607150</td>\n","      <td>1.000000</td>\n","      <td>0.768086</td>\n","      <td>0.230273</td>\n","      <td>0.782824</td>\n","      <td>0.763126</td>\n","      <td>0.472149</td>\n","      <td>0.384972</td>\n","    </tr>\n","    <tr>\n","      <th>Compactness</th>\n","      <td>-0.268067</td>\n","      <td>-0.406857</td>\n","      <td>-0.568377</td>\n","      <td>-0.015066</td>\n","      <td>-0.987687</td>\n","      <td>-0.970313</td>\n","      <td>-0.269922</td>\n","      <td>-0.327650</td>\n","      <td>0.354212</td>\n","      <td>0.303766</td>\n","      <td>0.768086</td>\n","      <td>1.000000</td>\n","      <td>-0.009394</td>\n","      <td>0.868939</td>\n","      <td>0.998686</td>\n","      <td>0.484436</td>\n","      <td>0.156204</td>\n","    </tr>\n","    <tr>\n","      <th>ShapeFactor1</th>\n","      <td>-0.847958</td>\n","      <td>-0.864623</td>\n","      <td>-0.773609</td>\n","      <td>-0.947204</td>\n","      <td>0.024593</td>\n","      <td>0.019920</td>\n","      <td>-0.847950</td>\n","      <td>-0.892741</td>\n","      <td>-0.141616</td>\n","      <td>0.153388</td>\n","      <td>0.230273</td>\n","      <td>-0.009394</td>\n","      <td>1.000000</td>\n","      <td>0.469197</td>\n","      <td>-0.008320</td>\n","      <td>0.248619</td>\n","      <td>0.391907</td>\n","    </tr>\n","    <tr>\n","      <th>ShapeFactor2</th>\n","      <td>-0.639291</td>\n","      <td>-0.767592</td>\n","      <td>-0.859238</td>\n","      <td>-0.471347</td>\n","      <td>-0.837841</td>\n","      <td>-0.860141</td>\n","      <td>-0.640862</td>\n","      <td>-0.713069</td>\n","      <td>0.237956</td>\n","      <td>0.343559</td>\n","      <td>0.782824</td>\n","      <td>0.868939</td>\n","      <td>0.469197</td>\n","      <td>1.000000</td>\n","      <td>0.872971</td>\n","      <td>0.529932</td>\n","      <td>0.335122</td>\n","    </tr>\n","    <tr>\n","      <th>ShapeFactor3</th>\n","      <td>-0.272145</td>\n","      <td>-0.408435</td>\n","      <td>-0.568185</td>\n","      <td>-0.019326</td>\n","      <td>-0.978592</td>\n","      <td>-0.981058</td>\n","      <td>-0.274024</td>\n","      <td>-0.330389</td>\n","      <td>0.347624</td>\n","      <td>0.307662</td>\n","      <td>0.763126</td>\n","      <td>0.998686</td>\n","      <td>-0.008320</td>\n","      <td>0.872971</td>\n","      <td>1.000000</td>\n","      <td>0.484274</td>\n","      <td>0.167673</td>\n","    </tr>\n","    <tr>\n","      <th>ShapeFactor4</th>\n","      <td>-0.355721</td>\n","      <td>-0.429310</td>\n","      <td>-0.482527</td>\n","      <td>-0.263749</td>\n","      <td>-0.449264</td>\n","      <td>-0.449354</td>\n","      <td>-0.362049</td>\n","      <td>-0.392512</td>\n","      <td>0.148502</td>\n","      <td>0.702163</td>\n","      <td>0.472149</td>\n","      <td>0.484436</td>\n","      <td>0.248619</td>\n","      <td>0.529932</td>\n","      <td>0.484274</td>\n","      <td>1.000000</td>\n","      <td>0.165033</td>\n","    </tr>\n","    <tr>\n","      <th>Class</th>\n","      <td>-0.475252</td>\n","      <td>-0.507638</td>\n","      <td>-0.455175</td>\n","      <td>-0.458492</td>\n","      <td>-0.116332</td>\n","      <td>-0.200356</td>\n","      <td>-0.477459</td>\n","      <td>-0.481099</td>\n","      <td>-0.031184</td>\n","      <td>0.321283</td>\n","      <td>0.384972</td>\n","      <td>0.156204</td>\n","      <td>0.391907</td>\n","      <td>0.335122</td>\n","      <td>0.167673</td>\n","      <td>0.165033</td>\n","      <td>1.000000</td>\n","    </tr>\n","  </tbody>\n","</table>\n","</div>"],"text/plain":["                     Area  Perimeter  MajorAxisLength  MinorAxisLength  \\\n","Area             1.000000   0.966722         0.931834         0.951602   \n","Perimeter        0.966722   1.000000         0.977338         0.913179   \n","MajorAxisLength  0.931834   0.977338         1.000000         0.826052   \n","MinorAxisLength  0.951602   0.913179         0.826052         1.000000   \n","AspectRation     0.241735   0.385276         0.550335        -0.009161   \n","Eccentricity     0.267481   0.391066         0.541972         0.019574   \n","ConvexArea       0.999939   0.967689         0.932607         0.951339   \n","EquivDiameter    0.984968   0.991380         0.961733         0.948539   \n","Extent           0.054345  -0.021160        -0.078062         0.145957   \n","Solidity        -0.196585  -0.303970        -0.284302        -0.155831   \n","roundness       -0.357530  -0.547647        -0.596358        -0.210344   \n","Compactness     -0.268067  -0.406857        -0.568377        -0.015066   \n","ShapeFactor1    -0.847958  -0.864623        -0.773609        -0.947204   \n","ShapeFactor2    -0.639291  -0.767592        -0.859238        -0.471347   \n","ShapeFactor3    -0.272145  -0.408435        -0.568185        -0.019326   \n","ShapeFactor4    -0.355721  -0.429310        -0.482527        -0.263749   \n","Class           -0.475252  -0.507638        -0.455175        -0.458492   \n","\n","                 AspectRation  Eccentricity  ConvexArea  EquivDiameter  \\\n","Area                 0.241735      0.267481    0.999939       0.984968   \n","Perimeter            0.385276      0.391066    0.967689       0.991380   \n","MajorAxisLength      0.550335      0.541972    0.932607       0.961733   \n","MinorAxisLength     -0.009161      0.019574    0.951339       0.948539   \n","AspectRation         1.000000      0.924293    0.243301       0.303647   \n","Eccentricity         0.924293      1.000000    0.269255       0.318667   \n","ConvexArea           0.243301      0.269255    1.000000       0.985226   \n","EquivDiameter        0.303647      0.318667    0.985226       1.000000   \n","Extent              -0.370184     -0.319362    0.052564       0.028383   \n","Solidity            -0.267754     -0.297592   -0.206191      -0.231648   \n","roundness           -0.766979     -0.722272   -0.362083      -0.435945   \n","Compactness         -0.987687     -0.970313   -0.269922      -0.327650   \n","ShapeFactor1         0.024593      0.019920   -0.847950      -0.892741   \n","ShapeFactor2        -0.837841     -0.860141   -0.640862      -0.713069   \n","ShapeFactor3        -0.978592     -0.981058   -0.274024      -0.330389   \n","ShapeFactor4        -0.449264     -0.449354   -0.362049      -0.392512   \n","Class               -0.116332     -0.200356   -0.477459      -0.481099   \n","\n","                   Extent  Solidity  roundness  Compactness  ShapeFactor1  \\\n","Area             0.054345 -0.196585  -0.357530    -0.268067     -0.847958   \n","Perimeter       -0.021160 -0.303970  -0.547647    -0.406857     -0.864623   \n","MajorAxisLength -0.078062 -0.284302  -0.596358    -0.568377     -0.773609   \n","MinorAxisLength  0.145957 -0.155831  -0.210344    -0.015066     -0.947204   \n","AspectRation    -0.370184 -0.267754  -0.766979    -0.987687      0.024593   \n","Eccentricity    -0.319362 -0.297592  -0.722272    -0.970313      0.019920   \n","ConvexArea       0.052564 -0.206191  -0.362083    -0.269922     -0.847950   \n","EquivDiameter    0.028383 -0.231648  -0.435945    -0.327650     -0.892741   \n","Extent           1.000000  0.191389   0.344411     0.354212     -0.141616   \n","Solidity         0.191389  1.000000   0.607150     0.303766      0.153388   \n","roundness        0.344411  0.607150   1.000000     0.768086      0.230273   \n","Compactness      0.354212  0.303766   0.768086     1.000000     -0.009394   \n","ShapeFactor1    -0.141616  0.153388   0.230273    -0.009394      1.000000   \n","ShapeFactor2     0.237956  0.343559   0.782824     0.868939      0.469197   \n","ShapeFactor3     0.347624  0.307662   0.763126     0.998686     -0.008320   \n","ShapeFactor4     0.148502  0.702163   0.472149     0.484436      0.248619   \n","Class           -0.031184  0.321283   0.384972     0.156204      0.391907   \n","\n","                 ShapeFactor2  ShapeFactor3  ShapeFactor4     Class  \n","Area                -0.639291     -0.272145     -0.355721 -0.475252  \n","Perimeter           -0.767592     -0.408435     -0.429310 -0.507638  \n","MajorAxisLength     -0.859238     -0.568185     -0.482527 -0.455175  \n","MinorAxisLength     -0.471347     -0.019326     -0.263749 -0.458492  \n","AspectRation        -0.837841     -0.978592     -0.449264 -0.116332  \n","Eccentricity        -0.860141     -0.981058     -0.449354 -0.200356  \n","ConvexArea          -0.640862     -0.274024     -0.362049 -0.477459  \n","EquivDiameter       -0.713069     -0.330389     -0.392512 -0.481099  \n","Extent               0.237956      0.347624      0.148502 -0.031184  \n","Solidity             0.343559      0.307662      0.702163  0.321283  \n","roundness            0.782824      0.763126      0.472149  0.384972  \n","Compactness          0.868939      0.998686      0.484436  0.156204  \n","ShapeFactor1         0.469197     -0.008320      0.248619  0.391907  \n","ShapeFactor2         1.000000      0.872971      0.529932  0.335122  \n","ShapeFactor3         0.872971      1.000000      0.484274  0.167673  \n","ShapeFactor4         0.529932      0.484274      1.000000  0.165033  \n","Class                0.335122      0.167673      0.165033  1.000000  "]},"execution_count":8,"metadata":{},"output_type":"execute_result"}],"source":["# Feature selection using correlation analysis\n","corr = df_en.corr()\n","corr"]},{"cell_type":"code","execution_count":null,"metadata":{"id":"a-cPc09fWz5V","outputId":"ac473783-108c-4cd1-a378-889d4a625d74"},"outputs":[{"data":{"text/plain":["Index(['Area', 'Perimeter', 'MajorAxisLength', 'MinorAxisLength',\n","       'Eccentricity', 'ConvexArea', 'EquivDiameter', 'Solidity', 'roundness',\n","       'ShapeFactor1', 'ShapeFactor2', 'Class'],\n","      dtype='object')"]},"execution_count":11,"metadata":{},"output_type":"execute_result"}],"source":["# Select the features having correlation with target above 0.2\n","corr_target = corr[\"Class\"].abs()\n","\n","# Define threshold\n","threshold= 0.2\n","\n","selected_features = corr_target[corr_target > threshold].index\n","selected_features"]},{"cell_type":"code","execution_count":null,"metadata":{"id":"SmkTv2EYWz5W","outputId":"457148d6-d0c5-4a8d-9fd4-d2b9dc3a0cc8"},"outputs":[{"data":{"text/html":["<div>\n","<style scoped>\n","    .dataframe tbody tr th:only-of-type {\n","        vertical-align: middle;\n","    }\n","\n","    .dataframe tbody tr th {\n","        vertical-align: top;\n","    }\n","\n","    .dataframe thead th {\n","        text-align: right;\n","    }\n","</style>\n","<table border=\"1\" class=\"dataframe\">\n","  <thead>\n","    <tr style=\"text-align: right;\">\n","      <th></th>\n","      <th>Area</th>\n","      <th>Perimeter</th>\n","      <th>MajorAxisLength</th>\n","      <th>MinorAxisLength</th>\n","      <th>Eccentricity</th>\n","      <th>ConvexArea</th>\n","      <th>EquivDiameter</th>\n","      <th>Solidity</th>\n","      <th>roundness</th>\n","      <th>ShapeFactor1</th>\n","      <th>ShapeFactor2</th>\n","      <th>Class</th>\n","    </tr>\n","  </thead>\n","  <tbody>\n","    <tr>\n","      <th>0</th>\n","      <td>28395</td>\n","      <td>610.291</td>\n","      <td>208.178117</td>\n","      <td>173.888747</td>\n","      <td>0.549812</td>\n","      <td>28715</td>\n","      <td>190.141097</td>\n","      <td>0.988856</td>\n","      <td>0.958027</td>\n","      <td>0.007332</td>\n","      <td>0.003147</td>\n","      <td>SEKER</td>\n","    </tr>\n","    <tr>\n","      <th>1</th>\n","      <td>28734</td>\n","      <td>638.018</td>\n","      <td>200.524796</td>\n","      <td>182.734419</td>\n","      <td>0.411785</td>\n","      <td>29172</td>\n","      <td>191.272750</td>\n","      <td>0.984986</td>\n","      <td>0.887034</td>\n","      <td>0.006979</td>\n","      <td>0.003564</td>\n","      <td>SEKER</td>\n","    </tr>\n","    <tr>\n","      <th>2</th>\n","      <td>29380</td>\n","      <td>624.110</td>\n","      <td>212.826130</td>\n","      <td>175.931143</td>\n","      <td>0.562727</td>\n","      <td>29690</td>\n","      <td>193.410904</td>\n","      <td>0.989559</td>\n","      <td>0.947849</td>\n","      <td>0.007244</td>\n","      <td>0.003048</td>\n","      <td>SEKER</td>\n","    </tr>\n","    <tr>\n","      <th>3</th>\n","      <td>30008</td>\n","      <td>645.884</td>\n","      <td>210.557999</td>\n","      <td>182.516516</td>\n","      <td>0.498616</td>\n","      <td>30724</td>\n","      <td>195.467062</td>\n","      <td>0.976696</td>\n","      <td>0.903936</td>\n","      <td>0.007017</td>\n","      <td>0.003215</td>\n","      <td>SEKER</td>\n","    </tr>\n","    <tr>\n","      <th>4</th>\n","      <td>30140</td>\n","      <td>620.134</td>\n","      <td>201.847882</td>\n","      <td>190.279279</td>\n","      <td>0.333680</td>\n","      <td>30417</td>\n","      <td>195.896503</td>\n","      <td>0.990893</td>\n","      <td>0.984877</td>\n","      <td>0.006697</td>\n","      <td>0.003665</td>\n","      <td>SEKER</td>\n","    </tr>\n","    <tr>\n","      <th>...</th>\n","      <td>...</td>\n","      <td>...</td>\n","      <td>...</td>\n","      <td>...</td>\n","      <td>...</td>\n","      <td>...</td>\n","      <td>...</td>\n","      <td>...</td>\n","      <td>...</td>\n","      <td>...</td>\n","      <td>...</td>\n","      <td>...</td>\n","    </tr>\n","    <tr>\n","      <th>13606</th>\n","      <td>42097</td>\n","      <td>759.696</td>\n","      <td>288.721612</td>\n","      <td>185.944705</td>\n","      <td>0.765002</td>\n","      <td>42508</td>\n","      <td>231.515799</td>\n","      <td>0.990331</td>\n","      <td>0.916603</td>\n","      <td>0.006858</td>\n","      <td>0.001749</td>\n","      <td>DERMASON</td>\n","    </tr>\n","    <tr>\n","      <th>13607</th>\n","      <td>42101</td>\n","      <td>757.499</td>\n","      <td>281.576392</td>\n","      <td>190.713136</td>\n","      <td>0.735702</td>\n","      <td>42494</td>\n","      <td>231.526798</td>\n","      <td>0.990752</td>\n","      <td>0.922015</td>\n","      <td>0.006688</td>\n","      <td>0.001886</td>\n","      <td>DERMASON</td>\n","    </tr>\n","    <tr>\n","      <th>13608</th>\n","      <td>42139</td>\n","      <td>759.321</td>\n","      <td>281.539928</td>\n","      <td>191.187979</td>\n","      <td>0.734065</td>\n","      <td>42569</td>\n","      <td>231.631261</td>\n","      <td>0.989899</td>\n","      <td>0.918424</td>\n","      <td>0.006681</td>\n","      <td>0.001888</td>\n","      <td>DERMASON</td>\n","    </tr>\n","    <tr>\n","      <th>13609</th>\n","      <td>42147</td>\n","      <td>763.779</td>\n","      <td>283.382636</td>\n","      <td>190.275731</td>\n","      <td>0.741055</td>\n","      <td>42667</td>\n","      <td>231.653248</td>\n","      <td>0.987813</td>\n","      <td>0.907906</td>\n","      <td>0.006724</td>\n","      <td>0.001852</td>\n","      <td>DERMASON</td>\n","    </tr>\n","    <tr>\n","      <th>13610</th>\n","      <td>42159</td>\n","      <td>772.237</td>\n","      <td>295.142741</td>\n","      <td>182.204716</td>\n","      <td>0.786693</td>\n","      <td>42600</td>\n","      <td>231.686223</td>\n","      <td>0.989648</td>\n","      <td>0.888380</td>\n","      <td>0.007001</td>\n","      <td>0.001640</td>\n","      <td>DERMASON</td>\n","    </tr>\n","  </tbody>\n","</table>\n","<p>13611 rows × 12 columns</p>\n","</div>"],"text/plain":["        Area  Perimeter  MajorAxisLength  MinorAxisLength  Eccentricity  \\\n","0      28395    610.291       208.178117       173.888747      0.549812   \n","1      28734    638.018       200.524796       182.734419      0.411785   \n","2      29380    624.110       212.826130       175.931143      0.562727   \n","3      30008    645.884       210.557999       182.516516      0.498616   \n","4      30140    620.134       201.847882       190.279279      0.333680   \n","...      ...        ...              ...              ...           ...   \n","13606  42097    759.696       288.721612       185.944705      0.765002   \n","13607  42101    757.499       281.576392       190.713136      0.735702   \n","13608  42139    759.321       281.539928       191.187979      0.734065   \n","13609  42147    763.779       283.382636       190.275731      0.741055   \n","13610  42159    772.237       295.142741       182.204716      0.786693   \n","\n","       ConvexArea  EquivDiameter  Solidity  roundness  ShapeFactor1  \\\n","0           28715     190.141097  0.988856   0.958027      0.007332   \n","1           29172     191.272750  0.984986   0.887034      0.006979   \n","2           29690     193.410904  0.989559   0.947849      0.007244   \n","3           30724     195.467062  0.976696   0.903936      0.007017   \n","4           30417     195.896503  0.990893   0.984877      0.006697   \n","...           ...            ...       ...        ...           ...   \n","13606       42508     231.515799  0.990331   0.916603      0.006858   \n","13607       42494     231.526798  0.990752   0.922015      0.006688   \n","13608       42569     231.631261  0.989899   0.918424      0.006681   \n","13609       42667     231.653248  0.987813   0.907906      0.006724   \n","13610       42600     231.686223  0.989648   0.888380      0.007001   \n","\n","       ShapeFactor2     Class  \n","0          0.003147     SEKER  \n","1          0.003564     SEKER  \n","2          0.003048     SEKER  \n","3          0.003215     SEKER  \n","4          0.003665     SEKER  \n","...             ...       ...  \n","13606      0.001749  DERMASON  \n","13607      0.001886  DERMASON  \n","13608      0.001888  DERMASON  \n","13609      0.001852  DERMASON  \n","13610      0.001640  DERMASON  \n","\n","[13611 rows x 12 columns]"]},"execution_count":13,"metadata":{},"output_type":"execute_result"}],"source":["# Dataframe with selected features\n","df_corr = df[selected_features]\n","df_corr"]},{"cell_type":"code","execution_count":null,"metadata":{"id":"s7TUEoTaWz5X"},"outputs":[],"source":["# Write to CSV\n","df_corr.to_csv(\"db_class_corr.csv\", index=False)"]},{"cell_type":"code","execution_count":null,"metadata":{"id":"yyenHTndK1wK"},"outputs":[],"source":["def evaluate_model():\n","  # Separate the features\n","  X= df_en.iloc[:, :-1]\n","  y= df_en.iloc[:, -1]\n","\n","  # Add constant\n","  X= sm.add_constant(X)\n","\n","  # Build the model\n","  model = sm.OLS(y, X).fit()\n","\n","  print(f\"{model.pvalues.idxmax()} has the highest P-Value: {model.pvalues.max()}\")\n","  if model.pvalues.max() > 0.05:\n","    print(f\"{model.pvalues.idxmax()} should be eliminated\")"]},{"cell_type":"code","execution_count":null,"metadata":{"colab":{"base_uri":"https://localhost:8080/"},"executionInfo":{"elapsed":6,"status":"ok","timestamp":1721278437667,"user":{"displayName":"Argha DeySarkar","userId":"13323187357231917427"},"user_tz":-330},"id":"p6Kki6aKMGOV","outputId":"75e9a8cf-61e5-4b39-b090-0388f2529d46"},"outputs":[{"name":"stdout","output_type":"stream","text":["ShapeFactor4 has the highest P-Value: 0.6854540174054453\n","ShapeFactor4 should be eliminated\n"]}],"source":["evaluate_model()"]},{"cell_type":"code","execution_count":null,"metadata":{"id":"-2utbkoHMJJE"},"outputs":[],"source":["df1 = df.drop(\"ShapeFactor4\", axis= 1)\n","df1.to_csv(\"db_class_1.csv\", index=False)"]},{"cell_type":"code","execution_count":null,"metadata":{"id":"rLWFZrYuWz5Z","outputId":"11b0d8c5-6b4e-4774-82ce-a21a435b43cc"},"outputs":[{"data":{"text/plain":["['Area',\n"," 'Perimeter',\n"," 'MajorAxisLength',\n"," 'MinorAxisLength',\n"," 'ConvexArea',\n"," 'EquivDiameter',\n"," 'Class']"]},"execution_count":25,"metadata":{},"output_type":"execute_result"}],"source":["# Fearures selction using variance threshold\n","threshold= 0.1\n","vt = VarianceThreshold(threshold= threshold)\n","X= df.iloc[:, :-1]\n","X_selected= vt.fit_transform(X)\n","selected_features = X.columns[vt.get_support(indices=True)]\n","features= list(selected_features)\n","features.append(\"Class\")\n","features"]},{"cell_type":"code","execution_count":null,"metadata":{"id":"6l0NEAAKWz5Z"},"outputs":[],"source":["df_var= df[features]\n","df_var.to_csv(\"db_class_var.csv\", index=False)"]},{"cell_type":"code","execution_count":null,"metadata":{"id":"_o-bdAH4Wz5Z"},"outputs":[],"source":[]}],"metadata":{"colab":{"provenance":[]},"kernelspec":{"display_name":"Python 3 (ipykernel)","language":"python","name":"python3"},"language_info":{"codemirror_mode":{"name":"ipython","version":3},"file_extension":".py","mimetype":"text/x-python","name":"python","nbconvert_exporter":"python","pygments_lexer":"ipython3","version":"3.11.9"}},"nbformat":4,"nbformat_minor":0}